89580
138129
245337
268369
292247
834058
919390
948161
1057795
1166263
1181384
1242367
1387358
1670531
1689445
1710691
1829181
1856644
1948622
2105847
2108554
2138291
2222471
2230194
2273155
2350737
2425381
2582066
2766040
2794853
2850789
3081438
3087978
3092150
3116111
3122850
3130320
3150448
3160510
3288250
3293363
3325221
3369965
3564492
3570058
3583008
3629283
3720706
3839815
4055300
4335387
4443808
4451378
4637659
4746177
4836702
4919542
4946024
5005809
5496257
5509652
5576428
5983037
5999192
6027944
6164786
6285194
6433613
6540837
6544984
6674553
6750111
6787660
6839953
6871696
6880248
7374880
7406068
7536575
7575380
7650271
7663300
7915276
7948852
8088593
8142218
8180066
8276135
8668154
8728731
8789179
8832678
8894169
9007030
9040976
9787212
9796141
10027110
10198668
10246783
10252918
10383121
10393020
10462096
10575174
10751768
10955495
11157244
11248819
11297827
11749986
11857184
11940976
12151261
12204164
12211939
12298016
12336841
12878859
13014340
13388708
13501235
13512798
13660490
13772942
13826013
13895810
13964408
14043001
14104118
14309634
14546029
14685082
14755657
14789566
14824016
14886426
14963648
14975420
14986800
14998863
15276944
15323252
15602651
15624176
15624616
15694387
15709571
15739167
15766830
15885310
16023545
16135169
16261059
16385189
16411638
16579634
16648043
16719622
16810216
16828547
16908620
16945959
17193057
17217947
17253676
17261236
17315770
17344102
17371059
17447030
17464731
17471209
17702068
17785670
18097631
18524658
18553092
18564810
18686321
18846685
18923104
18956343
18999417
19319965
19392631
19611004
19727768
20333404
20453181
20499589
20631864
20639854
20684626
20896083
21646627
21666721
21717396
21869884
21913714
22309903
22484756
22628242
22631765
22765682
23113281
23270647
23435807
23741869
23838578
23892968
23903140
23949350
24416175
24469557
24948876
24955775
24969093
25219818
25220146
25521573
25544606
26409481
26591314
26819837
26908814
26923322
27181539
27634567
27964744
28067752
28433781
29045329
29206020
30014021
30073512
30115472
30724745
30803794
31601069
32571543
32677185
33672414
33977892
35135583
35930499
35957843
37481902
38659950
38964332
39897528
41231546
41325340
44147090
44392698
44473086
44615922
46041954
46293376
46315631
47373418
48359960
49194318
49356669
49415113
49602956
49872172
51621334
51908741
51972039
52013067
52072206
52078348
52133640
52145980
52284745
52285143
52798182
52845261
52930951
53041221
54478120
54522545
57138449
58591517
58630431
59526540
70577997
73429603
73483440
73501433
76663375
80623973
81621267
84183536
84841846
84846231
85494800
85496030
85506018
85517339
85899164
86381213
104294842
104322424
108292562
108293129
115175411
116155653
122340549
145023645
155087534
155957603
186204257
195878928
196512581
197640739
201090311
201284994
201665038
201803493
202759708
202761227
202816341
203623028
203623809
204755520
204967147
205139455
205568231
206280166
207261606
207514269
207522159
207536405
207904378
208497041
209392483
209447147
210040594
210709847
210934160
210946823
210948029
210985040
211023453
211023499
211028929
211029522
211053997
211063885
211086054
211088512
211089011
211102835
211135219
211190140
211200116
211231907
211253575
211566114
211725595
211728353
211834104
212566971
212681727
212690869
212752537
212965199
213165183
213192049
213689711
214642891
214681218
214749336
215407104
215408432
215761034
216028716
216073160
216277578
216559605
216559641
218562083
218619372
218674987
218690725
218759973
218760625
218858018
219176158
219311497
219538626
219621547
219691981
219900666
219983994
220883733
221051075
221491365
221667174
222319232
225062705
225487656
227055256
227068437
227156303
227188038
227232068
227246194
227312857
229349558
229929664
229929738
229942589
230794688
231584679
231586055
231605976
231656450
231681738
231688504
231723007
231868600
231980550
232082498
232125476
232126891
232128354
232133129
232209108
232221204
232241053
232309666
232370935
232761514
232774755
233206181
233389626
233428792
233455947
234767018
235189702
235200672
235201070
235226202
235447223
235643279
235653602
235729726
235961775
236001385
237101866
237154971
237387332
237406876
237436103
237454355
237614604
238232041
238410064
239457254
239517226
240188239
243983688
245330392
245423648
245599213
246073412
246097854
246165568
246422450
246425086
246609371
246836000
247085471
247524281
247842937
248231123
248345583
248400167
248478740
248483209
248530255
248572721
248749666
249067829
249433191
249973141
250138791
250154565
250267606
250629828
251039236
251495321
251816145
252181354
252752415
252843946
252896872
253025134
253033047
253049358
253226866
253313057
253314209
254012801
254677159
255178448
255375125
255923080
255968752
256261939
256275682
256506098
256506296
256810103
256831991
257068231
257153046
257188828
257438344
257599176
257697858
258302717
258324351
258637667
258763926
258899519
259046237
259236555
259270484
259656632
259908572
260425880
260702541
260802604
261173663
261208403
261698615
261749596
263489171
263615713
263617603
263909718
264098430
264175773
264289420
265280241
265292768
266225978
266358897
266418221
266705516
267498184
267545307
267917483
268855493
268868572
268998310
269327934
269736246
269770731
270017152
270464505
270590391
270883966
271570829
271697582
271859094
271904948
272592009
272733798
273159829
273479949
273819609
273920567
274178617
274796991
275142263
275210780
276181932
276284199
276341938
276749292
276778215
276781440
277023583
277656163
277853448
278029823
278859286
279091773
279262823
279264590
279533042
279796856
279905137
279966697
279997826
280634650
280644239
280775510
280891709
280998495
281927086
281946597
282593588
282737501
282830648
283068057
283076713
283283861
283349924
283578191
283770025
284097689
284324019
284682291
284959888
285302024
286067337
286146354
286225504
